
% Developed in MATLAB R2018b
%
% ################# Design Optimization of StructuresDesign Optimization of Structures #############
% #                 
% # ---------------------------------------------------------------------------------------
% # Author: Arnut Sutha, Ph.D Cadidate
% # Advisor: Assoc.Prof.Sawekchai Tangaramvong
% # Applied Machanics and Structures Research Unit Department of Civil Engineering, 
% #         Chulalongkorn University, Bangkok, Thailand 
% # Date: 25st Jun 2024
% # Version: 0.0.1

function [c,ceq] = Cstr1410(x)
%x=[5.35,	3.4,	26.5938,	8.0668,	3.6831,	2.3176,	21.3495,	10.3539,	6.3859,	4.5076,	13.8374,	10.876,	3.0903,	5.599,	14.2288,	9.8232,	2.9863,	7.6236,	8.6671,	12.1283,	5.1126,	6.4542,	1.2039,	4.2053,	2.2692,	3.1514,	3.9958,	7.6868,	3.3384,	3.4703,	4.498,	8.4914,	6.07,	4.7849,	4.1645,	1.0546,	7.2711,	4.9319,	4.3437,	1.0317,	6.1891,	7.2491,	4.8191,	1,	7.0979,	4.3028,	1.0716]
E = 2e11;     % Young's elastic modulus (kg/m^2)
rho = 7850;   % density of material (kg/m^3)
A = zeros(1,47);       % area of bar (m^2)
A1 = x(1); A2 = x(2); A3 = x(3); A4 = x(4); A5 = x(5); A6 = x(6); A7 = x(7); A8 = x(8); A9 = x(9); A10 = x(10);
A11 = x(11); A12 = x(12); A13 = x(13); A14 = x(14); A15 = x(15); A16 = x(16); A17 = x(17); A18 = x(18); A19 = x(19); A20 = x(20);
A21 = x(21); A22 = x(22); A23 = x(23); A24 = x(24); A25 = x(25); A26 = x(26); A27 = x(27); A28 = x(28); A29 = x(29); A30 = x(30);
A31 = x(31); A32 = x(32); A33 = x(33); A34 = x(34); A35 = x(35); A36 = x(36); A37 = x(37); A38 = x(38); A39 = x(39); A40 = x(40);
A41 = x(41); A42 = x(42); A43 = x(43); A44 = x(44); A45 = x(45); A46 = x(46); A47 = x(47);
A([1;48;95;142;189;236;283;330;377;424;471;518;565;612;659;706;753;800;847;894;941;988;1035;1082;1129;1176;1223;1270;1317;1364])= A1;
A([2;49;96;143;190;237;284;331;378;425;472;519;566;613;660;707;754;801;848;895;942;989;1036;1083;1130;1177;1224;1271;1318;1365])= A2;
A([3;50;97;144;191;238;285;332;379;426;473;520;567;614;661;708;755;802;849;896;943;990;1037;1084;1131;1178;1225;1272;1319;1366])= A3;
A([4;51;98;145;192;239;286;333;380;427;474;521;568;615;662;709;756;803;850;897;944;991;1038;1085;1132;1179;1226;1273;1320;1367])= A4;
A([5;52;99;146;193;240;287;334;381;428;475;522;569;616;663;710;757;804;851;898;945;992;1039;1086;1133;1180;1227;1274;1321;1368])= A5;
A([6;53;100;147;194;241;288;335;382;429;476;523;570;617;664;711;758;805;852;899;946;993;1040;1087;1134;1181;1228;1275;1322;1369])= A6;
A([7;54;101;148;195;242;289;336;383;430;477;524;571;618;665;712;759;806;853;900;947;994;1041;1088;1135;1182;1229;1276;1323;1370])= A7;
A([8;55;102;149;196;243;290;337;384;431;478;525;572;619;666;713;760;807;854;901;948;995;1042;1089;1136;1183;1230;1277;1324;1371])= A8;
A([9;56;103;150;197;244;291;338;385;432;479;526;573;620;667;714;761;808;855;902;949;996;1043;1090;1137;1184;1231;1278;1325;1372])= A9;
A([10;57;104;151;198;245;292;339;386;433;480;527;574;621;668;715;762;809;856;903;950;997;1044;1091;1138;1185;1232;1279;1326;1373])= A10;
A([11;58;105;152;199;246;293;340;387;434;481;528;575;622;669;716;763;810;857;904;951;998;1045;1092;1139;1186;1233;1280;1327;1374])= A11;
A([12;59;106;153;200;247;294;341;388;435;482;529;576;623;670;717;764;811;858;905;952;999;1046;1093;1140;1187;1234;1281;1328;1375])= A12;
A([13;60;107;154;201;248;295;342;389;436;483;530;577;624;671;718;765;812;859;906;953;1000;1047;1094;1141;1188;1235;1282;1329;1376])= A13;
A([14;61;108;155;202;249;296;343;390;437;484;531;578;625;672;719;766;813;860;907;954;1001;1048;1095;1142;1189;1236;1283;1330;1377])= A14;
A([15;62;109;156;203;250;297;344;391;438;485;532;579;626;673;720;767;814;861;908;955;1002;1049;1096;1143;1190;1237;1284;1331;1378])= A15;
A([16;63;110;157;204;251;298;345;392;439;486;533;580;627;674;721;768;815;862;909;956;1003;1050;1097;1144;1191;1238;1285;1332;1379])= A16;
A([17;64;111;158;205;252;299;346;393;440;487;534;581;628;675;722;769;816;863;910;957;1004;1051;1098;1145;1192;1239;1286;1333;1380])= A17;
A([18;65;112;159;206;253;300;347;394;441;488;535;582;629;676;723;770;817;864;911;958;1005;1052;1099;1146;1193;1240;1287;1334;1381])= A18;
A([19;66;113;160;207;254;301;348;395;442;489;536;583;630;677;724;771;818;865;912;959;1006;1053;1100;1147;1194;1241;1288;1335;1382])= A19;
A([20;67;114;161;208;255;302;349;396;443;490;537;584;631;678;725;772;819;866;913;960;1007;1054;1101;1148;1195;1242;1289;1336;1383])= A20;
A([21;68;115;162;209;256;303;350;397;444;491;538;585;632;679;726;773;820;867;914;961;1008;1055;1102;1149;1196;1243;1290;1337;1384])= A21;
A([22;69;116;163;210;257;304;351;398;445;492;539;586;633;680;727;774;821;868;915;962;1009;1056;1103;1150;1197;1244;1291;1338;1385])= A22;
A([23;70;117;164;211;258;305;352;399;446;493;540;587;634;681;728;775;822;869;916;963;1010;1057;1104;1151;1198;1245;1292;1339;1386])= A23;
A([24;71;118;165;212;259;306;353;400;447;494;541;588;635;682;729;776;823;870;917;964;1011;1058;1105;1152;1199;1246;1293;1340;1387])= A24;
A([25;72;119;166;213;260;307;354;401;448;495;542;589;636;683;730;777;824;871;918;965;1012;1059;1106;1153;1200;1247;1294;1341;1388])= A25;
A([26;73;120;167;214;261;308;355;402;449;496;543;590;637;684;731;778;825;872;919;966;1013;1060;1107;1154;1201;1248;1295;1342;1389])= A26;
A([27;74;121;168;215;262;309;356;403;450;497;544;591;638;685;732;779;826;873;920;967;1014;1061;1108;1155;1202;1249;1296;1343;1390])= A27;
A([28;75;122;169;216;263;310;357;404;451;498;545;592;639;686;733;780;827;874;921;968;1015;1062;1109;1156;1203;1250;1297;1344;1391])= A28;
A([29;76;123;170;217;264;311;358;405;452;499;546;593;640;687;734;781;828;875;922;969;1016;1063;1110;1157;1204;1251;1298;1345;1392])= A29;
A([30;77;124;171;218;265;312;359;406;453;500;547;594;641;688;735;782;829;876;923;970;1017;1064;1111;1158;1205;1252;1299;1346;1393])= A30;
A([31;78;125;172;219;266;313;360;407;454;501;548;595;642;689;736;783;830;877;924;971;1018;1065;1112;1159;1206;1253;1300;1347;1394])= A31;
A([32;79;126;173;220;267;314;361;408;455;502;549;596;643;690;737;784;831;878;925;972;1019;1066;1113;1160;1207;1254;1301;1348;1395])= A32;
A([33;80;127;174;221;268;315;362;409;456;503;550;597;644;691;738;785;832;879;926;973;1020;1067;1114;1161;1208;1255;1302;1349;1396])= A33;
A([34;81;128;175;222;269;316;363;410;457;504;551;598;645;692;739;786;833;880;927;974;1021;1068;1115;1162;1209;1256;1303;1350;1397])= A34;
A([35;82;129;176;223;270;317;364;411;458;505;552;599;646;693;740;787;834;881;928;975;1022;1069;1116;1163;1210;1257;1304;1351;1398])= A35;
A([36;83;130;177;224;271;318;365;412;459;506;553;600;647;694;741;788;835;882;929;976;1023;1070;1117;1164;1211;1258;1305;1352;1399])= A36;
A([37;84;131;178;225;272;319;366;413;460;507;554;601;648;695;742;789;836;883;930;977;1024;1071;1118;1165;1212;1259;1306;1353;1400])= A37;
A([38;85;132;179;226;273;320;367;414;461;508;555;602;649;696;743;790;837;884;931;978;1025;1072;1119;1166;1213;1260;1307;1354;1401])= A38;
A([39;86;133;180;227;274;321;368;415;462;509;556;603;650;697;744;791;838;885;932;979;1026;1073;1120;1167;1214;1261;1308;1355;1402])= A39;
A([40;87;134;181;228;275;322;369;416;463;510;557;604;651;698;745;792;839;886;933;980;1027;1074;1121;1168;1215;1262;1309;1356;1403])= A40;
A([41;88;135;182;229;276;323;370;417;464;511;558;605;652;699;746;793;840;887;934;981;1028;1075;1122;1169;1216;1263;1310;1357;1404])= A41;
A([42;89;136;183;230;277;324;371;418;465;512;559;606;653;700;747;794;841;888;935;982;1029;1076;1123;1170;1217;1264;1311;1358;1405])= A42;
A([43;90;137;184;231;278;325;372;419;466;513;560;607;654;701;748;795;842;889;936;983;1030;1077;1124;1171;1218;1265;1312;1359;1406])= A43;
A([44;91;138;185;232;279;326;373;420;467;514;561;608;655;702;749;796;843;890;937;984;1031;1078;1125;1172;1219;1266;1313;1360;1407])= A44;
A([45;92;139;186;233;280;327;374;421;468;515;562;609;656;703;750;797;844;891;938;985;1032;1079;1126;1173;1220;1267;1314;1361;1408])= A45;
