function [c,ceq] = Cstr1180(x)
%x=[5.35,	3.4,	26.5938,	8.0668,	3.6831,	2.3176,	21.3495,	10.3539,	6.3859,	4.5076,	13.8374,	10.876,	3.0903,	5.599,	14.2288,	9.8232,	2.9863,	7.6236,	8.6671,	12.1283,	5.1126,	6.4542,	1.2039,	4.2053,	2.2692,	3.1514,	3.9958,	7.6868,	3.3384,	3.4703,	4.498,	8.4914,	6.07,	4.7849,	4.1645,	1.0546,	7.2711,	4.9319,	4.3437,	1.0317,	6.1891,	7.2491,	4.8191,	1,	7.0979,	4.3028,	1.0716]
E = 2e11;     % Young's elastic modulus (kg/m^2)
rho = 7850;   % density of material (kg/m^3)
A = zeros(1,59);       % area of bar (m^2)
A1 = x(1); A2 = x(2); A3 = x(3); A4 = x(4); A5 = x(5); A6 = x(6); A7 = x(7); A8 = x(8); A9 = x(9); A10 = x(10);
A11 = x(11); A12 = x(12); A13 = x(13); A14 = x(14); A15 = x(15); A16 = x(16); A17 = x(17); A18 = x(18); A19 = x(19); A20 = x(20);
A21 = x(21); A22 = x(22); A23 = x(23); A24 = x(24); A25 = x(25); A26 = x(26); A27 = x(27); A28 = x(28); A29 = x(29); A30 = x(30);
A31 = x(31); A32 = x(32); A33 = x(33); A34 = x(34); A35 = x(35); A36 = x(36); A37 = x(37); A38 = x(38); A39 = x(39); A40 = x(40);
A41 = x(41); A42 = x(42); A43 = x(43); A44 = x(44); A45 = x(45); A46 = x(46); A47 = x(47); A48 = x(48); A49 = x(49); A50 = x(50);
A51 = x(51); A52 = x(52); A53 = x(53); A54 = x(54); A55 = x(55); A56 = x(56); A57 = x(57); A58 = x(58); A59 = x(59);

A([1;60;119;178;237;296;355;414;473;532;591;650;709;768;827;886;945;1004;1063;1122])=A1;
A([2;61;120;179;238;297;356;415;474;533;592;651;710;769;828;887;946;1005;1064;1123])=A2;
A([3;62;121;180;239;298;357;416;475;534;593;652;711;770;829;888;947;1006;1065;1124])=A3;
A([4;63;122;181;240;299;358;417;476;535;594;653;712;771;830;889;948;1007;1066;1125])=A4;
A([5;64;123;182;241;300;359;418;477;536;595;654;713;772;831;890;949;1008;1067;1126])=A5;
A([6;65;124;183;242;301;360;419;478;537;596;655;714;773;832;891;950;1009;1068;1127])=A6;
A([7;66;125;184;243;302;361;420;479;538;597;656;715;774;833;892;951;1010;1069;1128])=A7;
A([8;67;126;185;244;303;362;421;480;539;598;657;716;775;834;893;952;1011;1070;1129])=A8;
A([9;68;127;186;245;304;363;422;481;540;599;658;717;776;835;894;953;1012;1071;1130])=A9;
A([10;69;128;187;246;305;364;423;482;541;600;659;718;777;836;895;954;1013;1072;1131])=A10;
A([11;70;129;188;247;306;365;424;483;542;601;660;719;778;837;896;955;1014;1073;1132])=A11;
A([12;71;130;189;248;307;366;425;484;543;602;661;720;779;838;897;956;1015;1074;1133])=A12;
A([13;72;131;190;249;308;367;426;485;544;603;662;721;780;839;898;957;1016;1075;1134])=A13;
A([14;73;132;191;250;309;368;427;486;545;604;663;722;781;840;899;958;1017;1076;1135])=A14;
A([15;74;133;192;251;310;369;428;487;546;605;664;723;782;841;900;959;1018;1077;1136])=A15;
A([16;75;134;193;252;311;370;429;488;547;606;665;724;783;842;901;960;1019;1078;1137])=A16;
A([17;76;135;194;253;312;371;430;489;548;607;666;725;784;843;902;961;1020;1079;1138])=A17;
A([18;77;136;195;254;313;372;431;490;549;608;667;726;785;844;903;962;1021;1080;1139])=A18;
A([19;78;137;196;255;314;373;432;491;550;609;668;727;786;845;904;963;1022;1081;1140])=A19;
A([20;79;138;197;256;315;374;433;492;551;610;669;728;787;846;905;964;1023;1082;1141])=A20;
A([21;80;139;198;257;316;375;434;493;552;611;670;729;788;847;906;965;1024;1083;1142])=A21;
A([22;81;140;199;258;317;376;435;494;553;612;671;730;789;848;907;966;1025;1084;1143])=A22;
A([23;82;141;200;259;318;377;436;495;554;613;672;731;790;849;908;967;1026;1085;1144])=A23;
A([24;83;142;201;260;319;378;437;496;555;614;673;732;791;850;909;968;1027;1086;1145])=A24;
A([25;84;143;202;261;320;379;438;497;556;615;674;733;792;851;910;969;1028;1087;1146])=A25;
A([26;85;144;203;262;321;380;439;498;557;616;675;734;793;852;911;970;1029;1088;1147])=A26;
A([27;86;145;204;263;322;381;440;499;558;617;676;735;794;853;912;971;1030;1089;1148])=A27;
A([28;87;146;205;264;323;382;441;500;559;618;677;736;795;854;913;972;1031;1090;1149])=A28;
A([29;88;147;206;265;324;383;442;501;560;619;678;737;796;855;914;973;1032;1091;1150])=A29;
A([30;89;148;207;266;325;384;443;502;561;620;679;738;797;856;915;974;1033;1092;1151])=A30;
A([31;90;149;208;267;326;385;444;503;562;621;680;739;798;857;916;975;1034;1093;1152])=A31;
A([32;91;150;209;268;327;386;445;504;563;622;681;740;799;858;917;976;1035;1094;1153])=A32;
A([33;92;151;210;269;328;387;446;505;564;623;682;741;800;859;918;977;1036;1095;1154])=A33;
A([34;93;152;211;270;329;388;447;506;565;624;683;742;801;860;919;978;1037;1096;1155])=A34;
A([35;94;153;212;271;330;389;448;507;566;625;684;743;802;861;920;979;1038;1097;1156])=A35;
A([36;95;154;213;272;331;390;449;508;567;626;685;744;803;862;921;980;1039;1098;1157])=A36;
A([37;96;155;214;273;332;391;450;509;568;627;686;745;804;863;922;981;1040;1099;1158])=A37;
A([38;97;156;215;274;333;392;451;510;569;628;687;746;805;864;923;982;1041;1100;1159])=A38;
A([39;98;157;216;275;334;393;452;511;570;629;688;747;806;865;924;983;1042;1101;1160])=A39;
A([40;99;158;217;276;335;394;453;512;571;630;689;748;807;866;925;984;1043;1102;1161])=A40;
A([41;100;159;218;277;336;395;454;513;572;631;690;749;808;867;926;985;1044;1103;1162])=A41;
A([42;101;160;219;278;337;396;455;514;573;632;691;750;809;868;927;986;1045;1104;1163])=A42;
A([43;102;161;220;279;338;397;456;515;574;633;692;751;810;869;928;987;1046;1105;1164])=A43;
A([44;103;162;221;280;339;398;457;516;575;634;693;752;811;870;929;988;1047;1106;1165])=A44;
A([45;104;163;222;281;340;399;458;517;576;635;694;753;812;871;930;989;1048;1107;1166])=A45;
A([46;105;164;223;282;341;400;459;518;577;636;695;754;813;872;931;990;1049;1108;1167])=A46;
A([47;106;165;224;283;342;401;460;519;578;637;696;755;814;873;932;991;1050;1109;1168])=A47;
A([48;107;166;225;284;343;402;461;520;579;638;697;756;815;874;933;992;1051;1110;1169])=A48;
A([49;108;167;226;285;344;403;462;521;580;639;698;757;816;875;934;993;1052;1111;1170])=A49;
A([50;109;168;227;286;345;404;463;522;581;640;699;758;817;876;935;994;1053;1112;1171])=A50;
A([51;110;169;228;287;346;405;464;523;582;641;700;759;818;877;936;995;1054;1113;1172])=A51;
A([52;111;170;229;288;347;406;465;524;583;642;701;760;819;878;937;996;1055;1114;1173])=A52;
A([53;112;171;230;289;348;407;466;525;584;643;702;761;820;879;938;997;1056;1115;1174])=A53;
A([54;113;172;231;290;349;408;467;526;585;644;703;762;821;880;939;998;1057;1116;1175])=A54;
A([55;114;173;232;291;350;409;468;527;586;645;704;763;822;881;940;999;1058;1117;1176])=A55;
A([56;115;174;233;292;351;410;469;528;587;646;705;764;823;882;941;1000;1059;1118;1177])=A56;
A([57;116;175;234;293;352;411;470;529;588;647;706;765;824;883;942;1001;1060;1119;1178])=A57;
A([58;117;176;235;294;353;412;471;530;589;648;707;766;825;884;943;1002;1061;1120;1179])=A58;
A([59;118;177;236;295;354;413;472;531;590;649;708;767;826;885;944;1003;1062;1121;1180])=A59;


% number of elements
num_ele = 1180;
% elements nodes
